
A 18	21	188
According 97	102	123
Africa 196	241
Also 14	35
Americans 41	58
Argentina 201	205
As 68	97
Australia 127	206
Austria 128	207
B 21
Balassa–Samuelson 14	88	92
Because 16	105
Belgium 129	208
Big 51	178	179	182	184	186	188	190	192	196	201
Brazil 201	209
C 21
CPI 254	255
Canada 130	211	212
Cassel 111	113	115
Chicago 97
Chile 131	213
China 58	214
Chinese 18	58
Consumer 255
Country 124	202
Czech 134	215
Data 132	133	148	149
Denmark 135	216
Departures 100
Development 18	121
Each 70	121
Economist 184	192
Essentially 33
Ethiopia 68	88
Ethiopian 68	88
Financial 74	77
Finland 137	217
For 8	39	62	68	198
France 138	218
GDP 3	18	31	33	41	76	90	167	171
GDPdef 169
GDPdefUb 169	171
GEKSFisher 70
Geary–Khamis 18	167
Germany 139	219
Greece 140	220
Gustav 111	113
HK 6	8	192
Hong 6	8	192	221
However 39	105
Hungary 141	222
ICP 66	72	108
IMF 74	76
Identifying 47
If 6	33	99
In 12	46	49	51	66	72	74	111	190	201
Index 51	178	179	184	188	192	193	194	196	199	201
India 18	188	223
International 66
Ireland 143	224
It 6	25	39	56	90
Italy 145	225
January 192	198
Japan 146	182	226
KFC 193	194	196
Kingdom 163	250
Kong 6	8	192	221
Korea 147	242
Krugman 97	102
Köves 21
List 118
Luxembourg 150	227
Mac 51	178	179	182	184	186	188	190	192	196	201
Main 23	179	194
McDonalds 184	188	196
Measuring 41
Mexican 39
Mexicans 39	41
Mexico 151	229
More 62	88
Namibia 198
Netherlands 152	230
New 6	8	153	231
No 132	133	148	149
Nontradables 92	99
Norway 62	154	232
OECD 3	119	121
Obstfeld 97	102
One 14	167
Original 196	198
PPP 1	3	6	8	12	14	16	18	21	22	25	29	31	33	37	41	44	49	54	58	62	64	66	68	70	72	76	86	88	90	94	97	99	102	105	108	111	115	165	167	171	177	184	190	192	196	254	255
PPP13 102
PPPrate 169
PPPs 60	121	255
Penn 37	86	190
Philippines 233
Poland 155	235
Portugal 156	236
Present 111
Price 124	125	201	202
Purchasing 1	6	29
Relative 22	23	25
Republic 134	215
Saudi 62
See 86	118
Similar 196
Since 31	167
Slovakia 157	239
Slovenia 158	240
South 147	241	242
Spain 159	243
States 33	121	164	171	198	201	252
Sweden 160	244
Switzerland 88	123	161	245
Szulc 21
Tables 190
Thailand 68	247
That 188	192
The 1	3	8	10	12	14	18	21	31	35	37	41	54	62	66	76	81	86	88	90	92	97	99	108	111	113	121	174	184	186	192	196	255
There 18	21	44	74	188
These 16	60	90	108
This 18	56	90	92	102	108	181	190
Thus 12	58	115	196
Times 74	77
To 167	177
Trade1617 111
Turkey 162	248
U 169
UBS 172	174
US 6	8	39	58	121	123	125	126	171	192	203	251
US53242 18
United 33	121	163	164	171	192	198	201	250	252
Various 60
While 21	72	111
World 18	37	190
X 169	171
York 6	8
Zealand 153	231
a 1	3	6	8	18	25	31	33	35	37	39	41	44	46	49	56	58	60	62	66	68	72	74	76	81	86	88	90	92	94	97	102	105	108	111	115	123	167	177	184	186	190	192	196	201	255
about 3	18	105	111	201
absolute 1	102
account 41	64	72
accounts 8	66
across 54	56	255
actual 3	192
actually 46
adjustment 18	21
adjustments 37	58
advantage 88	90
after 41
all 31	60	62	66	108	190	201
also 39	56	66	70	86	99	102	118
alternative 37	49
among 31	37	90	111	113
amount 46
an 6	8	37	41	108	123	201
and 1	3	6	8	12	14	16	18	21	25	29	31	33	35	37	39	41	56	58	62	66	68	70	79	83	88	90	92	94	95	97	99	102	108	111	113	121	171	174	181	184	186	188	190	192	196	201	255
another 58	72	90
appropriate 76	113
are 6	12	16	21	29	35	39	44	49	58	60	64	66	68	74	76	81	83	88	90	92	99	102	105	108	113	182	188	201
arise 58	60
around 3	18
article 23	179	181	192	194
artificially 49
as 8	16	37	41	58	60	62	84	88	90	97	108	111	115	167	184	186	201
assign 72
at 1	6	14	33	41	60	72	76	113	115	188	198
available 12	56	68	90
average 90	108	198
b 169
barriers 6	95	102
base 58
based 6	25	66	70	72	90	105	174
basis 18	49	68	72	97
basket 1	3	8	12	58	66	81	99	105	121	174	177	184	196
baskets 12	21	54	56	105
be 3	6	8	18	21	29	31	39	46	56	58	62	64	68	72	84	86	88	90	92	108	113	123	167	181	196	201
because 1	14	44	54	56	68	72	76	90	92	97	99	196
being 186
believed 113	115
below 90	108	121
benchmark 167	171
between 3	14	18	35	46	68	72	88	97	102	115	121	190	192
bias 37
bilateral 60
both 12	102
bread 58	186
but 18	31	60	88	90	113	115	167	190
buy 35	41	88	121	192
by 1	8	16	18	21	35	39	49	51	56	66	72	74	76	90	97	99	111	113	115	118	121	167	181	184	190	196	198	201
calculate 70	167
calculated 58	167	190
calculating 21	121
calculation 3	54	167
can 3	8	12	14	18	29	31	35	41	60	66	84	90	105
cannot 68	196
capita 18	90
capital 35	92
cars 88
case 58	90	97
cases 3	49	66
category 86	88
cause 8	105	113
century 111
change 105	255
changes 14	25	99	105
characteristics 201
cheaper 90	92	192
chosen 12
citations 181
come 12	16
comes 10	90
commodities 84	186
comparable 54	123
compare 1	3	54	56
compared 39	58	72
comparing 16	29	76
comparison 49	60	68	76
comparisons 16	46	58	60	62	64
complicated 56
computed 21	190
computer 6	8
concept 105	111
consider 31	90
construction 3	99
consumer 3	121	174	186
consumption 3	29	58	121	123
contains 3	184	196
context 111	115
contrast 35	49
contribute 14	62
converted 18	31	33	108
cost 3	8	41	56	60	88	90	121	201
costs 6	31	33	97	186	192	201
could 46	72
countries 1	16	21	31	35	37	41	56	58	66	68	72	76	88	90	92	97	105	108	118	121	196
country 21	31	35	41	97	105	123	171	188	255
country13 97	99
countrys 31	33	167
covers 3
created 184	196
currencies 1	35	46	192	196
currency 21	31	33	41	46	49	81	86	88	97	99	108
currencys 46	49
data 66	105	108
deflator 167	171
demand 14	99	102
descriptive 115
determination 111	115
determined 68	99	113
developed 18	21	111
differ 1	56	58	97	105
difference 56	192
differences 14	18	58	62	92	102	105	121	201	255
different 1	6	8	12	18	21	31	33	35	41	46	56	74	81	90	92	97	102	105	111	188
difficult 56	90
difficulties 54	58
direction 44
discussions 111	115
do 31	56	72	74	105	113	196
does 39	41
doing 167
dollar 6	8	18	33	39	97	192	198
dollars 6	8	39	108	121	123	167	192	203
domestic 3	39	41	99
domestically 76	83	88
during 113
each 14	21	72	121	201
easily 12	188
economic 6	46	49
economists 111
economy 49	58	76	94	186
effect 37	86	88
effects 64	190
eg 35	102
either 46
end 108	111
entrants 102
equal 108	171
equilibrium 49
equivalent 18	90
especially 49
estimates 66
even 31	56
every 6	8	10	174	188
example 8	39	41	62	68	97	198
exchange 1	6	8	10	12	14	16	18	21	25	29	31	33	35	37	39	41	44	46	49	60	86	88	90	97	105	108	111	113	115	121	167	171	192	198
exclude 31
expenditure 66	121
expensive 88	92	97	123	192
face 60
factories 90
factors 115	255
fail 31	105
fall 41	46	99
falls 39	86
fees 97
final 3	121
firm 102	196
fixed 111	113
fluctuations 97
following 111	167
food 56	108
for 6	8	16	18	21	29	31	33	35	37	41	49	58	60	68	72	74	76	90	92	97	102	108	113	121	167	171	181	196	201
foreign 46	99
found 72
frac 169
free 100	113
from 1	10	18	21	39	49	58	86	88	90	92	97	100	105	108	115	182	184	186
further 21	86	113
general 12	44	60	68
give 41
given 97	99
global 76	108	167
gold 111	113	115
good 6	8	177	184
goods 1	3	8	12	29	31	35	39	41	46	54	56	58	66	72	79	81	83	84	88	90	97	99	108	121	174	177	255
government 3	49
greater 56	72	92
gross 3	39
half 8	39
has 18	70	81	111	186
have 6	10	31	62	92	196	201
help 31	181
high 88	90	92	108
highincome 88
his 111	113
housing 56	88
how 41	113	181
i 169	171
iPad 199	201
idea 10	111	113
identical 72	201
identify 51	184	192	196
if 6	8	21	39	88	115
implied 97	192
important 29
in 1	3	6	8	10	12	14	18	21	25	31	35	37	39	41	44	46	56	58	60	62	66	68	72	76	88	90	92	97	99	102	103	105	108	111	113	115	121	123	167	181	184	186	188	192	196	198	201	255
include 70	108
includes 174	186
income 16	41	66	88	123
incomes 18	39
index 56	184	190	198	201	255
indexing 60	72
indices 60	108
individual 3	21	29	201
inferred 31
inflation 1	8	25	51	105
influenced 76
instance 18	31
instead 33	102
intercountry 90	102
international 16	18	35	39	41	46	84	90	108	113
internationally 88	99
interviewed 74
into 33	41	66	72	86	88	192
is 1	3	6	8	12	14	18	25	29	31	33	35	37	41	44	46	49	54	56	58	60	68	72	76	88	90	92	97	102	105	108	113	167	171	174	177	184	188	192	201
issues 60	66
it 14	18	41	58	72	88	97	105	111	192	198
items 72	108	201
its 6	18	31	46	86	111	113	121	174	188
label 16
labor 92	186
labour 3	14
labourer 68
large 8	18
law 6	12	25	97	102	188
lead 46	99
less 16	41	56	92
level 31	33	46	56	103	113	115	118	124	125
levels 31	33	70	76	92	102	105	119	121	255
like 83	84	88	182
likely 44	49	88	188
limits 188
line 18	106	108
lines 108
list 3	72
live 108
lives 68
living 3	33	74	123
local 41	90	108	186
located 97
location 1	8	10	14
locations 6	12	188	201
long 44	46	49
longerterm 14
lower 31	92
lowincome 88	90
made 3	62	64
make 49	58	60	97
manipulation 47	51
many 8	16	60
market 1	14	18	31	33	41	44	46	49	60	76	84	99	102	113	196	198
markets 35	39	41	46	90	97	102	201
may 1	14	21	31	56	72	102	181	201
mean 21	39
measure 1	76	255
measured 31	33	39	192
measurement 103	108
measures 74	105	108	121	196	255
measuring 6	8	41
method 21	37	70
methodological 66	72
methods 21	72
microchips 88
might 12	31
model 201
more 14	16	29	33	35	44	46	58	60	68	76	86	90	92	97	123	190
most 49	76	123	190	196
move 44	97
much 41	88	201
multilateral 58	60
nation 94
national 16	29	66	102	108
nations 18	33	115
necessarily 39	113
necessary 21	56	58	108
need 108	167
needed 121	188	192
needs 64	181
no 6	39	60	68	102	212	252
nominal 18	90
nontradables 88	92	95	99
nontraded 29	35	76	88	90
not 14	31	33	39	41	56	62	66	68	72	74	76	88	92	97	99	105	108	113	115	167	188	190	196
number 60	74	121
numbers 16	51
observed 33	46
occur 33	102
of 1	3	6	8	12	14	21	25	29	31	33	35	37	39	41	44	46	49	51	54	56	58	60	62	64	66	68	72	74	76	79	81	88	90	92	94	97	99	102	105	108	111	113	115	118	121	123	167	171	174	177	184	186	188	190	192	198	201	255
offers 49
official 49	97	105
often 16	177
on 6	12	18	25	46	66	68	70	72	84	90	102	105	111	115	123	174	196
one 1	6	8	12	18	21	25	31	33	46	58	97	102	182	188
ones 60	192
or 16	18	35	46	49	66	68	102	108	123	192	202
other 1	8	16	18	29	31	33	35	41	60	167
over 29	44	64	184	196	255
overstate 72
own 31	49
parity 1	3	6	10	23	29	35	46	56	255
participating 66	111
particular 6	46	167
pay 90
pc 196	198
per 18	90	192
perfectly 74	115
period 44	113
pesos 39
policy 111	115
poor 41	92	108
poorer 39	72	92
positions23 174
positive 111	115
possible 37	111
poverty 106	108
power 1	3	6	10	18	23	29	35	46	54	56	81	83	97	99	255
prediction 42
prevent 8	115
price 1	3	6	8	12	14	25	33	46	56	60	62	68	70	72	76	86	88	92	97	99	102	103	105	118	119	121	188	198	201	255
prices 6	29	35	39	56	97	99	102	105	188	190	201	255
problems 60	188
produced 35	83	88	201
product 3	31	39	86	102	186
production 29	31	33	66	88	90
productivity 3	90	92
products 86	88
profits 31	97
proper 64
purchase 56	81	97
purchasepowerparity 76
purchasing 1	3	8	10	18	23	35	46	54	56	97	99	255
purposes 35	60
quality 31	39	58	72	79	90
question 113
range 97	186
rate 1	6	8	10	12	14	18	21	25	29	35	39	42	44	46	49	86	88	90	97	105	111	115	167	171	192
rates 12	14	16	18	21	25	29	31	33	35	37	41	44	49	60	76	97	108	111	113	115	121	165	167	192	198
rather 56	105	113	115
ratio 1	8
real 31	186
realized 201
reflect 31	74	108
reflects 35	37
regarding 3	41
region 72	202
regions 72	255
relative 31	33	41	76	88	90	92	99	102	105
relatively 92	186
relevant 76
rent 186
report 174
representative 58	121
restaurant 196
restaurants 184	188
restoring 111	113
restrictions 97
results 39	102
rice 8	58	68
rich 92
richer 72	90
rise 46	77	99
run 44	46
same 6	8	10	31	39	46	97	99	102	121	188	201
saying 90
says 6	174
section 181
sectoral 94
seems 25
services 3	35	41	56	58	76	83	88	99	121	255
shifts 99	102
should 6	97
side 102
significant 62
similar 68	182
single 8	60	167	177	184	196
so 8	21	46	68	72	92
sold 83	84	188	201
some 3	44	46	64	66	72	99	113	188
speculation 35
spokesperson 74	77
stable 16	29	60	113
standard 74	111	113	123
states 92	102	192	198
statistical 37	58	66
steel 8	88
strong 49
structure 68	102
subject 31
such 16	37	49	66	84	186
suggests 111	192
superlative 70
supply 99	102
system 111	113
table 121	123
take 41	72
tariffs 1	8	14	16
tax 212	252
taxes 31	201
teach 177	184
teff 68
tend 44	86	92	94
term 6	8	49
terms 76	123
textrm 169
than 25	31	35	41	56	58	76	88	90	92	105	167	192
that 3	6	8	10	12	18	21	29	35	39	46	49	56	58	60	62	72	74	76	81	83	84	86	90	92	97	99	105	108	113	115	121	123	186	192	196	198	201
the 1	3	6	8	10	12	14	16	18	21	25	29	31	33	35	37	39	41	44	46	49	51	54	56	58	60	62	66	68	70	72	74	76	81	84	86	88	90	92	94	97	99	102	105	108	111	113	115	121	123	167	171	177	184	186	188	190	192	196	198	201	255
their 3	31	41	44	49	66
then 6	8	21	113
theory 6	46	92	111	115
there 6	60	68
therefore 92	105	201
these 21	31
they 16	39	108
this 8	39	41	72	90	102	115	167	181	182	192
those 18	35	90	99	113	167
three 88	174
time 29	64	102	113	198	255
times 21	88
to 1	3	8	12	14	18	21	25	31	33	35	37	39	41	44	46	49	51	54	56	58	60	62	64	66	70	72	76	81	86	88	90	92	94	97	99	102	105	108	111	113	115	121	123	167	171	177	181	184	188	192	196
ton 8
tradable 88	90
trade 6	35	39	49	86	97	102	113	115
traded 12	29	35	88
trading 8	115
transaction 1	6	35
transport 31	97
transportation 8	186	201
twice 201
two 14	21	46	58	72
types 3	81
typically 56	60
undervalued 184	192	196	198
usage 188
use 12	14	35	108	111
used 1	3	16	29	37	46	51	62	70	92	196
useful 49	105
uses 21	192
using 8	31	33	37	41	56	58	60	72	108	167	190	192
usually 33	58
value 12	39	44	88	108	186
values 12	35
variables 62
various 8	201
vary 35	58	66	70
via 18
view 92
vs 254
was 8	18	51	62	72	111	113	115	184	196	198
way 60	90	97	167	184
ways 60	111
weakened 97	102
were 72	111	113
when 18	29	31	49	58	102	181	192
where 29	184	192
which 6	12	44	66	72	76	90	97	102	108	111	113	188
while 18	56	198
white 186	190
who 68	108	113
wide 186
widely 37	97	113
will 10	33	39	58	70	72	86	88	99	102
with 8	10	12	16	18	46	49	58	60	68	111	113	188	196
within 201	255
workers 90
worldwide 108	182
would 8	31	46	62	72	90	111	115	121	123
wrote 111
year 31	167	171
years 44	111	167	174